C          1.22598       -0.70526       -0.00225
X         2.45083       -1.39265       -0.00822
X         3.66029       -0.69637       -0.00378
X         3.66083        0.69495        0.00297
X         2.45185        1.39255        0.00162
C          1.22619        0.70634        0.00000
X         0.00108        1.39380        0.00159
C         -1.22333        0.70570        0.00150
C         -1.22320       -0.70559        0.00270
X        -2.44795       -1.39337        0.00336
X        -3.65746       -0.69725       -0.00031
X        -3.65830        0.69393       -0.00196
X        -2.44954        1.39180        0.00053
X         0.00152       -1.39301        0.00142