C         -0.71986       -0.39545       -0.00563
C          0.72062       -0.39668       -0.00018
X         1.51585       -1.57036        0.02563
X         2.91301       -1.52571        0.03436
X         3.56530       -0.30291        0.00804
X         2.81940        0.87258       -0.01575
C          1.41486        0.84162       -0.01042
X         0.69843        2.04124       -0.00779
X        -0.69383        2.04221        0.01802
C         -1.41154        0.84307        0.02060
X        -2.81633        0.87636        0.04765
X        -3.56416       -0.29791        0.02907
X        -2.91425       -1.52113       -0.02269
X        -1.51718       -1.56780       -0.03743