C         -1.42605        1.21003        0.00205
X        -2.82874        1.17605        0.01143
X        -3.51031       -0.04091        0.00669
C         -2.80021       -1.24073       -0.00354
C         -1.39835       -1.24029       -0.00378
C         -0.70521       -0.00740       -0.00070
C          0.71054        0.00671       -0.00201
C          1.42953       -1.21148       -0.00278
X         0.72648       -2.42309       -0.00480
X        -0.66987       -2.43741       -0.00661
X         2.83116       -1.18315       -0.00127
X         3.51567        0.03122        0.00156
X         2.80827        1.23357        0.00134
C          1.40564        1.23822       -0.00224
X         0.67656        2.43565       -0.00731
X        -0.72100        2.42173       -0.00564


