C          1.33369       -0.29924        0.01794
X         2.78166       -0.53529        0.14228
X         3.35004       -1.74769        0.24314
C          4.78738       -1.98603        0.45895
X         5.60010       -1.08767        1.16454
X         6.93793       -1.38909        1.42874
X         7.47928       -2.59875        0.99758
X         6.68348       -3.50329        0.29880
X         5.34524       -3.19937        0.03293
X         0.38262       -1.14406        0.60853
X        -0.98022       -0.84492        0.53833
X        -1.40860        0.30920       -0.11390
X        -0.47578        1.16211       -0.69770
X         0.88775        0.86179       -0.62798