C         -0.69820       -1.23821       -0.00168
C          0.71565       -1.23020       -0.00089
C          1.41632       -0.00180        0.00044
C          0.70250        1.21940        0.00078
C         -0.71276        1.21116        0.00117
C         -1.41279       -0.01813       -0.00046
C         -2.82586       -0.02860       -0.00165
X        -3.51994        1.18793        0.00042
X        -2.82942        2.40244        0.00345
C         -1.42739        2.42980        0.00283
X        -0.71779        3.63858        0.00296
X         0.67986        3.64676        0.00041
C          1.40298        2.44595        0.00012
X         2.80546        2.43472       -0.00060
X         3.50971        1.22810        0.00125
C          2.82950        0.00391        0.00112
X         3.52089       -1.21478        0.00103
X         2.82844       -2.42734       -0.00160
C          1.42827       -2.45010       -0.00220
X         0.72060       -3.65871       -0.00411
X        -0.67553       -3.66676       -0.00470
C         -1.39690       -2.46633       -0.00387
X        -2.79731       -2.45964       -0.00568
X        -3.50354       -1.25508       -0.00495