C          2.45139        0.70543       -0.00623
X         3.67677        1.39102        0.04539
X         4.88499        0.69299        0.07685
X         4.88467       -0.69808        0.04779
X         3.67578       -1.39335       -0.00515
C          2.45134       -0.70550       -0.02493
X         1.22618       -1.39160       -0.05136
C          0.00082       -0.70409       -0.04763
C          0.00019        0.70496       -0.04794
X        -1.22591        1.39139       -0.05086
C         -2.45130        0.70342       -0.02570
X        -3.67792        1.38855       -0.00977
X        -4.88581        0.69052        0.04276
X        -4.88263       -0.70049        0.07614
X        -3.67277       -1.39559        0.04708
C         -2.44911       -0.70659       -0.00549
X        -1.22373       -1.39239       -0.02975
X         1.22606        1.39225       -0.03064