X          1.17311        0.05955        0.03847
X          2.51096        0.09690        0.05702
X          3.26413        1.20365        0.60540
X          4.60654        1.24290        0.62672
X          5.35877        2.35457        1.17766
X          6.70143        2.40028        1.20043
X          7.45119        3.51405        1.75207
X          8.79411        3.55931        1.77596
X          9.54671        4.67032        2.32644
X         10.88932        4.70882        2.34881
X         11.64318        5.81535        2.89720
X         12.98049        5.85132        2.91693